\begin{Verbatim}[commandchars=\\\{\}]
    [[0.004 0.01  0.02  0.028 0.032 0.028 0.02  0.01  0.004]
    [0.01  0.03  0.057 0.081 0.091 0.081 0.057 0.03  0.01 ]
    [0.02  0.057 0.108 0.154 0.173 0.154 0.108 0.057 0.02 ]
    [0.028 0.081 0.154 0.22  0.246 0.22  0.154 0.081 0.028]
    [0.032 0.091 0.173 0.246 0.276 0.246 0.173 0.091 0.032]
    [0.028 0.081 0.154 0.22  0.246 0.22  0.154 0.081 0.028]
    [0.02  0.057 0.108 0.154 0.173 0.154 0.108 0.057 0.02 ]
    [0.01  0.03  0.057 0.081 0.091 0.081 0.057 0.03  0.01 ]
    [0.004 0.01  0.02  0.028 0.032 0.028 0.02  0.01  0.004]]
   [[0.    0.    0.    0.    0.    0.    0.    0.    0.   ]
    [0.    0.    0.    0.    0.    0.    0.    0.    0.   ]
    [0.    0.    0.    0.    0.    0.    0.    0.    0.   ]
    [0.    0.    0.    0.002 0.044 0.002 0.    0.    0.   ]
    [0.    0.    0.    0.044 0.996 0.044 0.    0.    0.   ]
    [0.    0.    0.    0.002 0.044 0.002 0.    0.    0.   ]
    [0.    0.    0.    0.    0.    0.    0.    0.    0.   ]
    [0.    0.    0.    0.    0.    0.    0.    0.    0.   ]
    [0.    0.    0.    0.    0.    0.    0.    0.    0.   ]]
   [[0.497 0.04  0.003 0.    0.    0.    0.003 0.04  0.497]
    [0.04  0.003 0.    0.    0.    0.    0.    0.003 0.04 ]
    [0.003 0.    0.    0.    0.    0.    0.    0.    0.003]
    [0.    0.    0.    0.    0.    0.    0.    0.    0.   ]
    [0.    0.    0.    0.    0.    0.    0.    0.    0.   ]
    [0.    0.    0.    0.    0.    0.    0.    0.    0.   ]
    [0.003 0.    0.    0.    0.    0.    0.    0.    0.003]
    [0.04  0.003 0.    0.    0.    0.    0.    0.003 0.04 ]
    [0.497 0.04  0.003 0.    0.    0.    0.003 0.04  0.497]]
\end{Verbatim}
